0
0
171.046
131.414
39.632
1
794.169
1015.547
110.338
70.766
39.572
1
798.003
1003.576
110.871
71.306
39.565
1
296.655
2688.395
170.838
131.318
39.520
1
2831.165
2797.658
151.858
112.424
39.434
4
-1155.476
1793.451
122.725
83.119
39.606
1
484.889
-1959.431
283.070
243.405
39.665
1
2285.391
109.672
44.618
5.073
39.545
1
1594.833
-331.257
149.094
109.509
39.585
1
1218.471
1292.777
129.842
90.297
39.545
1
1554.411
1368.713
82.840
43.305
39.535
4
849.426
1700.181
86.240
46.687
39.553
4
-2650.898
-10716.44
142.935
102.880
40.055
4
-8478.63
-7872.056
43.940
3.820
40.120
4
4332.912
-9321.267
67.708
27.930
39.778
4
-6612.391
78.288
203.780
163.910
39.870
4
2842.167
6858.899
59.958
20.640
39.318
4
4553.828
2370.757
108.827
69.490
39.337
4
4393.398
-2040.09
83.958
44.410
39.548
4
3401.058
10542.847
111.998
72.850
39.148
4
942.369
1437.479
87.616
48.061
39.555
4
